6681.464250 74209.619818 1086.291772 WELL_067 3.199786
7508.888802 75459.732152 1089.016511 WELL_037 2.561095
6553.968530 74475.998353 1088.187495 WELL_021 3.822383
8522.239618 73693.177562 1079.848167 WELL_002 3.196191
12064.490258 71144.045426 1085.856256 WELL_052 5.176490
14724.794254 74217.451356 1088.652806 WELL_008 3.166438
6008.124204 73051.699212 1083.127596 WELL_007 4.203375
10083.419712 72227.139181 1092.252818 WELL_066 4.9755333
8726.815925 71910.110726 1081.619165 WELL_016 5.062881
7129.205712 73092.344004 1083.255464 WELL_072 6.640534
7819.008167 75408.884310 1086.064977 WELL_041 5.325555
7236.387485 74347.779348 1078.358428 WELL_004 3.255366
5702.371143 73305.662357 1090.497828 WELL_068 3.095755
6355.327755 73956.393249 1097.905227 WELL_024 3.790040
10509.200356 74296.415942 1089.813855 WELL_019 1.599962
6721.817810 75156.615962 1085.735972 WELL_042 5.043631
12451.728740 69915.005292 1089.122929 WELL_059 4.990742
10101.937027 70773.713992 1097.752998 WELL_057 2.556900
8189.673828 74367.143833 1085.963848 WELL_012 4.261009
6657.272365 75846.940172 1091.893333 WELL_036 3.951863
10227.681772 74240.350842 1094.374312 WELL_030 1.203104
12895.648468 71338.157897 1089.860078 WELL_054 1.759311
6431.582044 75453.078644 1092.917346 WELL_076 2.972343
